0 1804289383 0 0
3 1804289383 0 0
2 0 1457 485038384
2 1 1456 3422299875
2 0 1457 485038384
2 1 1456 3422299875
0 0 0 0
2 2 1456 3985864956
2 0 1457 485038384
2 1 1456 3422299875
2 2 1456 3985864956
2 0 1457 485038384
2 1 1456 3422299875
2 2 1456 3985864956
2 0 1457 485038384
2 1 1456 3422299875
2 2 1456 3985864956
2 0 1457 485038384
2 1 1456 3422299875
2 2 1456 3985864956
2 0 1457 485038384
2 1 1456 3422299875
2 2 1456 3985864956
2 0 1457 485038384
2 1 1456 3422299875
2 2 1456 3985864956
2 0 1457 485038384
2 1 1456 3422299875
2 2 1456 3985864956
2 0 1457 485038384
2 1 1456 3422299875
2 2 1456 3985864956
2 0 1457 485038384
2 1 1456 3422299875
2 2 1456 3985864956
2 0 1457 485038384
2 1 1456 3422299875
2 2 1456 3985864956
2 0 1457 485038384
2 1 1456 3422299875
2 2 1456 3985864956
2 0 1457 485038384
2 1 1456 3422299875
2 2 1456 3985864956
2 0 1457 485038384
2 1 1456 3422299875
2 2 1456 3985864956
2 0 1457 485038384
2 1 1456 3422299875
2 2 1456 3985864956
2 0 1457 485038384
2 1 1456 3422299875
2 2 1456 3985864956
2 0 1457 485038384
2 1 1456 3422299875
2 2 1456 3985864956
2 0 1457 485038384
2 1 1456 3422299875
2 2 1456 3985864956
2 0 1457 485038384
2 1 1456 3422299875
2 2 1456 3985864956
